p(1): 0.0
p(2): 0.0
p(3): 0.0
p(4): 0.0
p(5): 0.0
p(6): 1.0
p(7): 0.0
p(8): 0.0
p(9): 0.0
p(10): 0.5151515151515151
p(11): 0.48484848484848486
p(12): 0.5151515151515151
p(13): 0.48484848484848486
p(14): 0.48484848484848486
p(15): 0.48484848484848486
p(16): 0.5151515151515151
ent: 3.5043854188622685
