p(1): 0.0
p(2): 0.0
p(3): 0.0
p(4): 0.0
p(5): 0.0
p(6): 1.0
p(7): 0.0
p(8): 0.0
p(9): 0.0
p(10): 0.5
p(11): 0.5
p(12): 0.59375
p(13): 0.40625
p(14): 0.5625
p(15): 0.5
p(16): 0.46875
ent: 3.4538016233952584
